{
  "advancedEditorSelectedIdentifier" : "ProjectBrowser",
  "openSceneRelativePaths" : [
    "Scene.usda"
  ],
  "recentIdentifiers" : {
    "26DBAE76-5DD8-47B6-A085-1B4ADA111097" : [

    ]
  },
  "sceneCameraHistory" : {
    "26DBAE76-5DD8-47B6-A085-1B4ADA111097" : [
      {
        "date" : 748985216.737991,
        "title" : "Untitled",
        "transform" : [
          0.96500176,
          4.7758535e-09,
          -0.26224336,
          0,
          -0.08902402,
          0.9406163,
          -0.32759026,
          0,
          0.24667037,
          0.3394712,
          0.90769655,
          0,
          0.24744491,
          0.36875,
          0.6316208,
          1
        ]
      },
      {
        "date" : 748985213.021179,
        "title" : "Untitled",
        "transform" : [
          0.992841,
          1.6743109e-09,
          0.11944388,
          0,
          0.112156354,
          0.34395027,
          -0.9322655,
          0,
          -0.04108283,
          0.93898785,
          0.3414879,
          0,
          0.054643326,
          0.75375193,
          0.15818547,
          1
        ]
      },
      {
        "date" : 748985207.309979,
        "title" : "Untitled",
        "transform" : [
          -0.46562478,
          3.7227728e-09,
          0.8849823,
          0,
          0.3806501,
          0.9027708,
          0.20027535,
          0,
          -0.7989362,
          0.4301218,
          -0.42035255,
          0,
          -0.5959979,
          0.43314016,
          -0.23092552,
          1
        ]
      },
      {
        "date" : 748985204.476966,
        "title" : "Untitled",
        "transform" : [
          -0.53936505,
          3.7227728e-09,
          0.8420721,
          0,
          0.3621935,
          0.9027708,
          0.23199263,
          0,
          -0.76019806,
          0.43012175,
          -0.48692304,
          0,
          -0.57414496,
          0.43314016,
          -0.28088725,
          1
        ]
      },
      {
        "date" : 748932862.579633,
        "title" : "Untitled",
        "transform" : [
          -0.43754047,
          3.7227728e-09,
          0.8991988,
          0,
          0.3867649,
          0.9027708,
          0.18819566,
          0,
          -0.8117704,
          0.43012175,
          -0.39499876,
          0,
          -0.60297066,
          0.43314016,
          -0.21205285,
          1
        ]
      },
      {
        "date" : 748932839.030208,
        "title" : "Untitled",
        "transform" : [
          0.99937505,
          0,
          -0.035347253,
          0,
          -0.02499428,
          0.7071069,
          -0.70666486,
          0,
          0.024994291,
          0.70710677,
          0.706665,
          0,
          0.096854955,
          0.6168742,
          0.45414355,
          1
        ]
      },
      {
        "date" : 748932811.569757,
        "title" : "Untitled",
        "transform" : [
          0.99937505,
          0,
          -0.035347253,
          0,
          -0.02499428,
          0.7071069,
          -0.70666486,
          0,
          0.024994291,
          0.70710677,
          0.706665,
          0,
          0.5016723,
          0.7963763,
          0.26021114,
          1
        ]
      },
      {
        "date" : 748932801.300716,
        "title" : "Untitled",
        "transform" : [
          0.99937505,
          0,
          -0.035347253,
          0,
          -0.02499428,
          0.7071069,
          -0.70666486,
          0,
          0.024994291,
          0.70710677,
          0.706665,
          0,
          0.27630484,
          0.62279713,
          0.4418698,
          1
        ]
      },
      {
        "date" : 748932797.436562,
        "title" : "Untitled",
        "transform" : [
          0.99937505,
          0,
          -0.035347253,
          0,
          -0.02499428,
          0.7071069,
          -0.70666486,
          0,
          0.024994291,
          0.70710677,
          0.706665,
          0,
          0.24339381,
          0.57634676,
          0.48951328,
          1
        ]
      },
      {
        "date" : 748932611.2527,
        "title" : "Untitled",
        "transform" : [
          0.9995478,
          0,
          -0.030070545,
          0,
          -0.021263083,
          0.7071069,
          -0.706787,
          0,
          0.021263093,
          0.70710677,
          0.7067871,
          0,
          0.024422124,
          0.25949174,
          0.33113128,
          1
        ]
      }
    ]
  },
  "sceneViewportBackgroundColors" : {

  }
}